Unit gram: 
[0.26666666666666666, 0.35270071870442254, 0.375, 0.17573142541048448, 0.2791881675133095, 0.4444444444444444, 0.5, 0.11111111111111109, 0.12197089792217974, 0.3, 0.2599417113054143, 0.0006196880441665896, 0.45, 0.2, 0.3125, 0.13793103448275862, 0.2424987689582571, 0.3333333333333333, 0.21428571428571425, 0.2627665191407682, 0.2857142857142857, 0.42857142857142855, 0.25, 0.13381535712974757, 0.16666666666666669, 0.14285714285714285, 0.5714285714285714, 0.15397536011094462, 0.22862988404582557, 0.01909314066544796, 0.16666666666666669, 0.3333333333333333, 0.15587767891621793, 0.3333333333333333, 0.45454545454545453, 0.17647058823529413, 0.2, 0.2, 0.4444444444444444, 0.3571428571428572, 0.2857142857142857, 0.12500000000000003, 0.47619047619047616, 0.3125, 0.35294117647058826, 0.057279421996343866, 0.2, 0.1724137931034483, 0.35588329018524795, 0.4033700871483995, 0.1574555175803382, 0.2727272727272727, 0.17113903967753066, 0.2982797722714565, 0.14285714285714285, 0.3333333333333333, 0.4294155960430205, 0.2, 0.23529411764705885, 0.08556951983876535, 0.11111111111111109, 0.3333333333333333, 0.2857142857142857, 0.11111111111111109, 0.19230769230769232, 0.30769230769230765, 0.2, 0.14244570618273075, 0.1213061319425267]
avg: 0.2524006074972536

Individual bi gram: 
[0.14285714285714285, 0.15390576816192983, 0.2, 0.1054388552462907, 0.10857317625517594, 0.12500000000000003, 0.23529411764705885, 2.2250738585072626e-308, 9.04647521551e-309, 2.2250738585072626e-308, 0.09331240918655899, 5.5154066700184e-311, 0.10526315789473682, 0.08823529411764706, 0.06666666666666667, 2.2250738585072626e-308, 0.070728807612825, 2.2250738585072626e-308, 2.2250738585072626e-308, 0.11128934928314888, 2.2250738585072626e-308, 2.2250738585072626e-308, 2.2250738585072626e-308, 1.190996212064859e-308, 2.2250738585072626e-308, 2.2250738585072626e-308, 0.16666666666666669, 1.113471283070591e-308, 0.04877437526310945, 2.54901889028941e-309, 2.2250738585072626e-308, 0.14285714285714285, 0.041405008462120384, 0.13793103448275862, 2.2250738585072626e-308, 2.2250738585072626e-308, 2.2250738585072626e-308, 2.2250738585072626e-308, 0.25, 0.07692307692307693, 2.2250738585072626e-308, 2.2250738585072626e-308, 0.2, 0.06666666666666667, 0.12500000000000003, 2.54901889028941e-309, 2.2250738585072626e-308, 2.2250738585072626e-308, 1.7816998627591863e-308, 0.18823937400258642, 1.051050468137224e-308, 2.2250738585072626e-308, 1.142391010069532e-308, 1.991083571408152e-308, 2.2250738585072626e-308, 2.2250738585072626e-308, 0.12524621551254767, 2.2250738585072626e-308, 2.2250738585072626e-308, 1.142391010069532e-308, 2.2250738585072626e-308, 0.14285714285714285, 2.2250738585072626e-308, 2.2250738585072626e-308, 2.2250738585072626e-308, 0.12000000000000001, 2.2250738585072626e-308, 1.267808868335202e-308, 1.3495755153097447e-308]
avg: 0.04984248476265218

Cumulative 2-grams: 
[0.1951800145897066, 0.23298642673655665, 0.27386127875258304, 0.13612097680401944, 0.17410441154600917, 0.23570226039551587, 0.3429971702850177, 4.972227154133551e-155, 3.321756621226854e-155, 8.170202920075766e-155, 0.1557426959121525, 1.848737832178209e-157, 0.21764287503300347, 0.1328422328310143, 0.14433756729740646, 5.539916417279735e-155, 0.13096430344179846, 8.612150057732663e-155, 6.905081759897607e-155, 0.17100618388986458, 7.973301625706314e-155, 9.765260274142007e-155, 7.458340731200295e-155, 3.99216211416364e-155, 6.08970970641905e-155, 5.637975647982813e-155, 0.3086066999241838, 4.140617608328455e-155, 0.10559962007892026, 6.976301042184162e-156, 6.08970970641905e-155, 0.21821789023599233, 0.08033751685596022, 0.214422506967559, 1.0056824590358316e-154, 6.2662595914768024e-155, 6.6709427497276e-155, 6.6709427497276e-155, 0.33333333333333337, 0.165748386032949, 7.973301625706314e-155, 5.273843307431707e-155, 0.3086066999241838, 0.14433756729740646, 0.21004201260420147, 1.2083307853959006e-155, 6.6709427497276e-155, 6.193814849352066e-155, 7.962896516226676e-155, 0.27555422823136544, 4.0680916344595086e-155, 7.789982830837433e-155, 4.421625271317475e-155, 7.70649047396433e-155, 5.637975647982813e-155, 8.612150057732663e-155, 0.2319109274839227, 6.6709427497276e-155, 7.2356533239022285e-155, 3.1265612132144807e-155, 4.972227154133551e-155, 0.21821789023599233, 7.973301625706314e-155, 4.972227154133551e-155, 6.541397549023557e-155, 0.19215378456610455, 6.6709427497276e-155, 4.249634449629001e-155, 4.04613130689749e-155]
avg: 0.08044315161285105

Cumulative 3-grams: 
[0.14310092685025483, 0.16624921728310754, 0.17497570119380043, 0.1068834026316607, 7.602316135356697e-104, 1.0732246575154161e-103, 0.19445555936641015, 3.8031966729424963e-206, 2.1531370401698602e-206, 5.295862562749053e-206, 6.891877067555892e-104, 1.2353103090145962e-208, 1.0176797040160718e-103, 0.10226557464117136, 7.739289005724601e-104, 4.087429597854354e-206, 5.450871755903772e-104, 5.485158767345877e-206, 4.73399026622696e-206, 8.50642081855749e-104, 5.210430485352253e-206, 5.964453986416785e-206, 4.983597475548963e-206, 2.6675275039259714e-206, 4.353573398748715e-206, 4.1355214168276684e-206, 1.2844534732679855e-103, 2.6726151344714094e-206, 5.662184793523033e-104, 4.987403357979694e-207, 4.353573398748715e-206, 1.0194713973349031e-103, 4.565111260927041e-104, 0.11797615444604538, 6.082592573112899e-206, 4.4373164185049205e-206, 4.626362078745891e-206, 4.626362078745891e-206, 0.25131581370971795, 8.48687259488434e-104, 5.210430485352253e-206, 3.9554839376362416e-206, 0.21562330503744312, 7.739289005724601e-104, 0.14327608115831816, 7.193080349995934e-207, 4.626362078745891e-206, 4.4030500593401403e-206, 4.834210567285824e-206, 0.2046878007167634, 2.591005538168325e-206, 5.13025726588535e-206, 2.8161744117670834e-206, 4.908335723990134e-206, 4.1355214168276684e-206, 5.485158767345877e-206, 9.652376191725749e-104, 4.626362078745891e-206, 4.88389866474298e-206, 2.2351991118824952e-206, 3.8031966729424963e-206, 0.154150800490952, 5.210430485352253e-206, 3.8031966729424963e-206, 4.566272652952586e-206, 0.11544156732643199, 4.626362078745891e-206, 2.8395682469401854e-206, 2.8060304436912556e-206]
avg: 0.030295679780464886


######################### BLEU scores after removing overlap between generated sentence and event tuple: ###########################

Unit gram: 
[0.26666666666666666, 0.35270071870442254, 0.375, 0.17573142541048448, 0.2791881675133095, 0.4444444444444444, 0.5, 0.11111111111111109, 0.12197089792217974, 0.3, 0.2599417113054143, 0.0006196880441665896, 0.45, 0.2, 0.3125, 0.13793103448275862, 0.2424987689582571, 0.3333333333333333, 0.21428571428571425, 0.2627665191407682, 0.2857142857142857, 0.42857142857142855, 0.25, 0.13381535712974757, 0.16666666666666669, 0.14285714285714285, 0.5714285714285714, 0.15397536011094462, 0.22862988404582557, 0.01909314066544796, 0.16666666666666669, 0.3333333333333333, 0.15587767891621793, 0.3333333333333333, 0.45454545454545453, 0.17647058823529413, 0.2, 0.2, 0.4444444444444444, 0.3571428571428572, 0.2857142857142857, 0.12500000000000003, 0.47619047619047616, 0.3125, 0.35294117647058826, 0.057279421996343866, 0.2, 0.1724137931034483, 0.35588329018524795, 0.4033700871483995, 0.1574555175803382, 0.2727272727272727, 0.17113903967753066, 0.2982797722714565, 0.14285714285714285, 0.3333333333333333, 0.4294155960430205, 0.2, 0.23529411764705885, 0.08556951983876535, 0.11111111111111109, 0.3333333333333333, 0.2857142857142857, 0.11111111111111109, 0.19230769230769232, 0.30769230769230765, 0.2, 0.14244570618273075, 0.1213061319425267]
avg: 0.07249362320782772

Individual bi gram: 
[0.14285714285714285, 0.15390576816192983, 0.2, 0.1054388552462907, 0.10857317625517594, 0.12500000000000003, 0.23529411764705885, 2.2250738585072626e-308, 9.04647521551e-309, 2.2250738585072626e-308, 0.09331240918655899, 5.5154066700184e-311, 0.10526315789473682, 0.08823529411764706, 0.06666666666666667, 2.2250738585072626e-308, 0.070728807612825, 2.2250738585072626e-308, 2.2250738585072626e-308, 0.11128934928314888, 2.2250738585072626e-308, 2.2250738585072626e-308, 2.2250738585072626e-308, 1.190996212064859e-308, 2.2250738585072626e-308, 2.2250738585072626e-308, 0.16666666666666669, 1.113471283070591e-308, 0.04877437526310945, 2.54901889028941e-309, 2.2250738585072626e-308, 0.14285714285714285, 0.041405008462120384, 0.13793103448275862, 2.2250738585072626e-308, 2.2250738585072626e-308, 2.2250738585072626e-308, 2.2250738585072626e-308, 0.25, 0.07692307692307693, 2.2250738585072626e-308, 2.2250738585072626e-308, 0.2, 0.06666666666666667, 0.12500000000000003, 2.54901889028941e-309, 2.2250738585072626e-308, 2.2250738585072626e-308, 1.7816998627591863e-308, 0.18823937400258642, 1.051050468137224e-308, 2.2250738585072626e-308, 1.142391010069532e-308, 1.991083571408152e-308, 2.2250738585072626e-308, 2.2250738585072626e-308, 0.12524621551254767, 2.2250738585072626e-308, 2.2250738585072626e-308, 1.142391010069532e-308, 2.2250738585072626e-308, 0.14285714285714285, 2.2250738585072626e-308, 2.2250738585072626e-308, 2.2250738585072626e-308, 0.12000000000000001, 2.2250738585072626e-308, 1.267808868335202e-308, 1.3495755153097447e-308]
avg: 0.007879239212844714

Cumulative 2-grams: 
[0.1951800145897066, 0.23298642673655665, 0.27386127875258304, 0.13612097680401944, 0.17410441154600917, 0.23570226039551587, 0.3429971702850177, 4.972227154133551e-155, 3.321756621226854e-155, 8.170202920075766e-155, 0.1557426959121525, 1.848737832178209e-157, 0.21764287503300347, 0.1328422328310143, 0.14433756729740646, 5.539916417279735e-155, 0.13096430344179846, 8.612150057732663e-155, 6.905081759897607e-155, 0.17100618388986458, 7.973301625706314e-155, 9.765260274142007e-155, 7.458340731200295e-155, 3.99216211416364e-155, 6.08970970641905e-155, 5.637975647982813e-155, 0.3086066999241838, 4.140617608328455e-155, 0.10559962007892026, 6.976301042184162e-156, 6.08970970641905e-155, 0.21821789023599233, 0.08033751685596022, 0.214422506967559, 1.0056824590358316e-154, 6.2662595914768024e-155, 6.6709427497276e-155, 6.6709427497276e-155, 0.33333333333333337, 0.165748386032949, 7.973301625706314e-155, 5.273843307431707e-155, 0.3086066999241838, 0.14433756729740646, 0.21004201260420147, 1.2083307853959006e-155, 6.6709427497276e-155, 6.193814849352066e-155, 7.962896516226676e-155, 0.27555422823136544, 4.0680916344595086e-155, 7.789982830837433e-155, 4.421625271317475e-155, 7.70649047396433e-155, 5.637975647982813e-155, 8.612150057732663e-155, 0.2319109274839227, 6.6709427497276e-155, 7.2356533239022285e-155, 3.1265612132144807e-155, 4.972227154133551e-155, 0.21821789023599233, 7.973301625706314e-155, 4.972227154133551e-155, 6.541397549023557e-155, 0.19215378456610455, 6.6709427497276e-155, 4.249634449629001e-155, 4.04613130689749e-155]
avg: 0.012133023098433388

Cumulative 3-grams: 
[0.14310092685025483, 0.16624921728310754, 0.17497570119380043, 0.1068834026316607, 7.602316135356697e-104, 1.0732246575154161e-103, 0.19445555936641015, 3.8031966729424963e-206, 2.1531370401698602e-206, 5.295862562749053e-206, 6.891877067555892e-104, 1.2353103090145962e-208, 1.0176797040160718e-103, 0.10226557464117136, 7.739289005724601e-104, 4.087429597854354e-206, 5.450871755903772e-104, 5.485158767345877e-206, 4.73399026622696e-206, 8.50642081855749e-104, 5.210430485352253e-206, 5.964453986416785e-206, 4.983597475548963e-206, 2.6675275039259714e-206, 4.353573398748715e-206, 4.1355214168276684e-206, 1.2844534732679855e-103, 2.6726151344714094e-206, 5.662184793523033e-104, 4.987403357979694e-207, 4.353573398748715e-206, 1.0194713973349031e-103, 4.565111260927041e-104, 0.11797615444604538, 6.082592573112899e-206, 4.4373164185049205e-206, 4.626362078745891e-206, 4.626362078745891e-206, 0.25131581370971795, 8.48687259488434e-104, 5.210430485352253e-206, 3.9554839376362416e-206, 0.21562330503744312, 7.739289005724601e-104, 0.14327608115831816, 7.193080349995934e-207, 4.626362078745891e-206, 4.4030500593401403e-206, 4.834210567285824e-206, 0.2046878007167634, 2.591005538168325e-206, 5.13025726588535e-206, 2.8161744117670834e-206, 4.908335723990134e-206, 4.1355214168276684e-206, 5.485158767345877e-206, 9.652376191725749e-104, 4.626362078745891e-206, 4.88389866474298e-206, 2.2351991118824952e-206, 3.8031966729424963e-206, 0.154150800490952, 5.210430485352253e-206, 3.8031966729424963e-206, 4.566272652952586e-206, 0.11544156732643199, 4.626362078745891e-206, 2.8395682469401854e-206, 2.8060304436912556e-206]
avg: 6.318457891412889e-105